4 14 199 124 54 187 142 33 95 119 150 128 69 129 149 24
7 10 199 123 57 180 39 150 75 132 149 88
10 4 199 196 109 154
1 11 199 123 59 180 40 47 150 117 133 32 152
2 5 199 4 110 168 106
6 5 199 46 73 188 21
3 10 199 123 35 179 31 45 150 82 93 85
3 5 199 189 74 96 27
4 11 199 124 57 192 39 91 175 16 150 74 29
1 12 199 123 57 177 39 161 68 150 75 6 163 154
4 11 199 107 54 98 142 97 150 110 172 152 0
2 6 199 4 75 71 2 89
9 7 199 15 73 198 188 66 89
3 6 199 189 128 69 129 149
4 11 199 124 35 187 31 33 150 74 174 29 149
4 11 199 107 54 99 142 100 75 6 163 106 147
6 5 199 46 75 7 5
3 4 199 115 82 93
4 12 199 123 64 180 53 47 150 74 96 153 27 154
4 11 199 107 54 98 142 97 150 75 6 104 152
2 5 199 4 75 7 0
2 13 199 124 64 190 53 84 22 150 73 198 188 2 89
9 5 199 15 73 66 89
4 13 199 124 56 190 49 72 130 150 128 69 129 149 5
3 5 199 115 75 132 149
4 7 199 124 165 150 74 1 153
4 12 199 123 56 179 49 28 120 150 75 6 104 154
4 11 199 107 54 98 142 97 150 75 7 152 0
2 6 199 4 75 7 2 89
9 7 199 15 73 198 188 66 89
3 6 199 189 128 69 129 149
0 11 199 123 62 178 51 150 74 174 29 149 147
4 7 199 124 150 70 151 163 5
3 4 199 115 75 197
0 10 199 123 62 178 51 150 74 1 153 12
4 11 199 123 58 180 50 150 70 151 104 81 21
13 5 199 108 75 197 85
3 5 199 189 37 125 173
0 9 199 123 62 178 51 150 74 29 116
4 10 199 107 55 98 38 150 70 151 163 67
2 11 199 127 57 39 175 16 150 75 197 14 154
4 6 199 3 73 198 152 0
2 6 199 4 75 42 2 89
9 8 199 15 73 198 188 92 66 89
4 12 199 123 34 179 30 44 150 128 69 129 149 5
3 6 199 115 75 132 149 21
4 10 199 123 54 181 142 150 74 1 153 85
3 5 199 189 75 6 104
0 11 199 123 57 178 39 161 68 150 74 1 29
4 12 199 123 59 179 40 45 176 17 150 70 151 163
1 10 199 124 61 164 143 145 135 150 75 197
4 12 199 124 57 192 39 91 175 16 150 110 172 23
4 9 199 107 57 99 39 150 75 71 90
9 4 199 113 75 7
4 13 199 124 56 164 49 145 184 135 11 150 65 103 185
3 8 199 124 61 191 143 87 150 75
9 3 199 74 1
4 7 199 124 34 165 30 146 65
4 9 199 124 57 192 39 91 122 150 75
4 7 199 123 181 150 75 7 67
9 5 199 75 7 14 154
4 6 199 3 65 103 152 0
2 6 199 4 75 42 2 89
9 8 199 15 73 198 188 92 66 89
4 9 199 124 54 194 142 128 69 129 149
2 9 199 127 35 31 150 75 132 149 106
6 4 199 46 73 198
3 9 199 124 61 191 143 87 150 82 93
4 11 199 124 59 164 40 144 150 74 96 27 67
4 9 199 124 187 33 150 75 6 14 154
4 6 199 3 75 7 152 0
2 7 199 4 75 7 42 2 89
9 8 199 15 73 198 188 92 66 89
7 12 199 123 56 180 49 47 150 128 69 129 149 5
3 4 199 115 109 149
4 10 199 123 58 180 50 150 74 140 153 67
4 9 199 124 191 150 75 6 104 14 154
4 6 199 3 75 7 152 0
2 7 199 4 75 7 42 2 89
9 8 199 15 73 198 188 92 66 89
4 11 199 123 60 180 41 47 150 128 69 129 149
7 8 199 124 57 39 150 75 132 149
2 6 199 127 35 31 109 106
6 4 199 46 73 147
7 5 199 136 82 93 5
3 4 199 115 109 27
4 12 199 124 57 191 39 161 68 150 74 140 153 67
4 10 199 124 56 49 150 75 6 104 14 154
4 6 199 3 75 7 152 0
2 7 199 4 75 7 42 2 89
9 8 199 15 73 198 188 92 66 89
1 11 199 123 60 180 41 47 150 128 69 129 149
2 9 199 127 35 31 150 110 149 106 147
6 4 199 46 73 5
3 4 199 115 82 93
4 13 199 124 56 190 49 72 130 150 74 96 153 27 12
4 11 199 123 55 180 38 47 150 75 6 104 81
13 5 199 108 75 7 67
13 8 199 56 49 37 125 173 14 154
4 6 199 3 37 116 152 0
2 7 199 4 75 162 42 2 89
9 8 199 15 73 198 188 92 66 89
3 6 199 115 128 69 129 149
4 14 199 123 54 179 142 45 171 9 150 74 174 153 149 112
4 11 199 124 60 190 41 84 150 75 6 104 169
3 5 199 94 75 7 67
4 13 199 123 55 179 38 28 120 150 74 1 131 14 154
4 6 199 3 75 6 152 0
2 7 199 4 75 7 42 2 89
9 8 199 15 73 198 188 92 66 89
8 9 199 124 167 150 128 69 129 149 112
4 11 199 123 54 179 142 28 120 150 200 149 169
3 3 199 94 75
7 10 199 124 57 39 175 16 150 74 1 131
3 8 199 124 61 191 143 87 150 109
4 11 199 123 57 180 39 161 68 150 74 140 67
4 13 199 123 57 179 39 44 175 16 150 75 6 14 154
4 6 199 3 75 7 152 0
2 7 199 4 75 7 42 2 89
9 8 199 15 73 198 188 92 66 89
4 13 199 123 35 179 31 166 8 150 128 69 129 149 24
4 13 199 124 59 190 40 86 176 17 150 75 132 149 88
10 5 199 196 75 7 12
4 10 199 124 54 192 142 91 117 79 32 81
13 6 199 108 75 186 168 154
4 7 199 83 37 125 173 152 0
2 8 199 4 75 162 195 116 2 89
9 8 199 15 73 198 188 26 66 89
4 14 199 124 56 192 49 91 184 122 11 150 128 69 129 149
4 12 199 123 57 180 39 175 16 150 75 132 149 13
4 11 199 124 54 164 142 144 150 75 7 36 24
7 5 199 155 75 7 88
10 4 199 196 109 154
4 8 199 83 117 133 32 76 152 0
2 8 199 4 75 186 195 168 2 89
9 8 199 15 73 198 188 26 66 89
4 14 199 124 35 167 31 156 166 8 150 128 69 129 149 24
1 13 199 124 54 190 142 84 22 150 75 132 149 88 21
10 5 199 196 110 172 85
3 4 199 189 117 32
4 13 199 124 54 191 142 87 95 119 150 74 141 29 168
1 11 199 123 60 180 41 47 150 75 6 163 154
4 6 199 83 110 172 152 0
2 7 199 4 75 71 195 2 89
9 8 199 15 73 198 188 26 66 89
4 11 199 107 54 98 142 97 150 128 69 129 149
1 13 199 124 57 191 39 87 161 68 150 75 132 149 24
4 13 199 124 56 192 49 91 184 122 11 150 110 172 88
10 4 199 196 75 71
8 8 199 124 62 51 150 117 79 32
1 10 199 124 58 164 50 145 150 200 168 154
4 4 199 83 110 152
2 7 199 4 75 71 195 106 21
6 7 199 46 73 198 188 26 85
3 4 199 189 82 93
4 11 199 123 63 180 52 47 150 74 96 29 27
4 9 199 124 34 165 30 146 75 6 163
4 7 199 123 59 40 150 75 7
4 7 199 124 57 39 150 75 7
3 7 199 124 54 142 150 75 7
4 11 199 123 54 180 142 47 95 119 150 74 1
1 7 199 124 191 87 150 75 6
4 5 199 123 150 110 172
4 12 199 124 57 167 39 156 175 16 150 75 71 121
4 11 199 124 35 191 31 87 150 75 7 114 0
2 6 199 202 75 7 2 89
9 7 199 15 73 198 183 66 89
4 11 199 124 63 187 52 150 128 69 129 149 147
4 12 199 107 54 98 142 171 9 150 75 132 149 5
3 4 199 115 75 7
4 10 199 124 62 167 51 156 74 1 153 24
4 10 199 124 62 194 51 150 75 6 104 88
10 5 199 196 75 7 154
4 7 199 83 117 79 32 152 0
2 8 199 4 75 186 195 168 2 89
9 8 199 15 73 198 188 26 66 89
4 12 199 123 61 179 143 45 150 128 69 129 149 24
4 13 199 124 35 167 31 156 166 8 150 75 132 149 88
10 5 199 196 75 7 21
8 9 199 124 164 145 150 117 79 32 85
3 4 199 189 200 168
0 12 199 124 57 190 39 72 161 130 68 150 74 29
4 12 199 124 54 192 142 91 122 150 70 151 163 154
4 6 199 83 75 197 152 0
2 7 199 4 75 7 195 2 89
9 8 199 15 73 198 188 26 66 89
5 5 199 128 69 129 149
4 8 199 124 167 156 150 160 149 147
1 10 199 124 54 190 142 84 22 150 75 5
3 4 199 115 110 172
4 9 199 124 57 39 175 16 150 74 153
1 10 199 124 54 193 142 150 75 6 104 154
4 6 199 83 110 172 152 0
2 7 199 4 75 71 195 2 89
9 8 199 15 73 198 188 26 66 89
1 12 199 123 58 180 50 47 150 128 69 129 149 154
2 10 199 123 57 180 39 150 110 149 152 147
2 4 199 4 73 5
3 4 199 115 73 188
5 4 199 74 153 12
4 10 199 124 35 164 31 145 135 160 104 81
13 3 199 108 75
3 5 199 201 37 125 173
0 7 199 107 58 50 150 74 116
4 8 199 107 55 99 38 150 70 151
4 7 199 124 35 31 75 197 23
4 10 199 107 57 99 39 100 150 75 7 90
9 5 199 113 75 7 24
4 13 199 123 54 181 142 48 105 150 65 103 185 88 137
10 4 199 196 75 154
4 7 199 203 117 79 32 152 0
2 8 199 4 75 186 111 168 2 89
9 8 199 15 73 198 188 148 66 89
4 8 199 124 194 150 128 69 129 149
1 9 199 124 58 194 50 150 75 132 149
3 10 199 124 54 192 142 91 95 119 110 172
4 9 199 124 54 164 142 145 135 150 74
4 9 199 124 64 193 53 150 75 6 13
1 11 199 124 54 190 142 84 22 150 75 7 36
7 4 199 155 110 172
4 9 199 124 58 190 50 84 150 109 23
1 10 199 123 60 181 41 48 150 75 76 90
9 5 199 113 110 172 23
1 10 199 124 58 167 50 150 65 185 90 12
9 5 199 113 110 81 112
13 5 199 108 65 185 169
3 4 199 94 37 173
4 11 199 123 62 179 51 45 150 74 131 116 12
1 9 199 124 54 193 142 150 75 6 81
13 4 199 108 110 172
1 7 199 124 54 142 150 37 173
4 9 199 124 58 190 50 84 150 110 116
1 8 199 124 61 143 150 75 71 12
4 10 199 124 62 190 51 72 130 110 172 81
13 5 199 108 75 71 24
4 14 199 123 54 181 142 48 171 9 150 37 125 173 88 137
10 6 199 196 75 162 116 154
4 7 199 203 117 79 32 152 0
2 8 199 4 75 186 111 168 2 89
9 8 199 15 73 198 188 148 66 89
4 11 199 123 59 180 40 47 150 128 69 129 149
4 14 199 124 57 190 39 86 175 10 16 150 75 132 149 112
4 13 199 124 59 190 40 72 176 130 17 150 75 7 169
3 4 199 94 75 7
4 11 199 123 57 180 39 175 16 150 74 1 131
5 3 199 75 6
4 8 199 124 63 191 52 87 150 160
4 9 199 123 54 179 142 44 105 150 75
4 9 199 123 34 180 30 47 150 75 7
11 9 199 123 59 179 40 44 150 75 7
5 8 199 124 55 164 38 144 150 24
4 9 199 123 58 179 50 45 150 160 88
10 3 199 196 75
3 6 199 201 117 79 32 13
4 8 199 124 54 142 74 141 168 36
7 4 199 155 75 6
3 9 199 124 54 192 142 91 95 119 109
4 10 199 123 35 180 31 47 150 74 140 76
1 7 199 124 62 51 150 75 6
4 11 199 123 54 179 142 44 105 150 110 172 137
4 10 199 123 34 180 30 47 150 75 71 154
4 6 199 203 75 7 152 0
2 7 199 4 75 7 111 2 89
9 8 199 15 73 198 188 148 66 89
4 13 199 123 57 180 39 175 16 150 128 69 129 149 88
10 5 199 196 75 132 149
3 9 199 124 62 192 51 91 117 79 32
4 11 199 124 34 190 30 86 10 74 141 168 12
4 11 199 124 58 190 50 86 10 150 75 6 81
13 5 199 108 75 7 137
4 12 199 124 57 167 39 175 16 150 37 125 173 154
4 7 199 203 75 162 116 152 0
2 7 199 4 75 7 111 2 89
9 8 199 15 73 198 188 148 66 89
7 6 199 136 128 69 129 149
4 10 199 123 54 179 142 28 120 150 109 149
1 10 199 124 54 190 142 84 22 150 75 24
1 10 199 124 58 167 50 150 110 172 88 112
10 4 199 196 110 169
3 4 199 94 117 32
4 11 199 124 62 192 51 91 122 74 141 131 168
1 7 199 124 54 142 150 75 6
4 9 199 124 61 187 143 33 150 110 172
4 11 199 123 54 179 142 28 120 150 75 71 137
1 11 199 124 54 190 142 84 22 150 75 7 154
4 6 199 203 110 172 152 0
2 7 199 4 75 71 111 2 89
9 8 199 15 73 198 188 148 66 89
7 11 199 124 190 84 150 128 69 129 149 88 137
10 5 199 196 109 149 154
4 7 199 203 117 133 32 152 0
2 8 199 4 75 186 111 168 2 89
9 8 199 15 73 198 188 148 66 89
4 8 199 124 34 30 128 69 129 149
1 9 199 124 58 193 50 150 75 132 149
4 8 199 123 35 178 31 150 110 172
4 9 199 124 54 167 142 150 75 71 137
4 13 199 124 59 190 40 72 176 130 17 150 75 7 154
4 6 199 203 75 7 152 0
2 7 199 4 75 7 111 2 89
9 8 199 15 73 198 188 148 66 89
4 13 199 124 56 190 49 86 10 150 128 69 129 149 13
4 13 199 124 54 167 142 156 95 119 150 75 132 149 36
7 4 199 155 75 7
3 7 199 124 62 192 51 91 109
4 8 199 124 58 50 150 74 140 76
4 10 199 124 54 193 142 171 9 150 75 6
1 11 199 124 54 190 142 86 10 150 75 7 24
4 13 199 124 57 190 39 72 175 130 16 150 110 172 88
10 6 199 196 75 71 118 121
4 7 199 18 117 79 32 114 0
2 8 199 202 75 186 134 168 2 89
9 8 199 15 73 198 183 159 66 89
7 11 199 123 56 180 49 47 150 128 69 129 149
4 12 199 123 54 181 142 48 95 119 150 109 149 13
1 10 199 123 58 180 50 47 150 75 36 24
7 5 199 155 110 172 88
10 5 199 196 109 118 121
4 8 199 18 117 133 32 76 114 0
2 8 199 202 75 186 134 168 2 89
9 8 199 15 73 198 183 159 66 89
3 10 199 124 62 192 51 91 128 69 129 149
4 11 199 124 34 190 30 86 10 74 174 149 12
4 11 199 123 35 177 31 166 8 150 75 6 81
13 4 199 108 75 7
4 12 199 123 54 177 142 95 119 150 37 125 173 23
4 10 199 107 54 98 142 150 75 162 116 90
9 4 199 113 75 7
9 4 199 65 103 185
4 10 199 124 57 190 39 84 22 150 65 21
9 3 199 75 85
3 4 199 189 65 103
4 8 199 124 167 156 150 74 29 13
4 12 199 123 35 181 31 48 150 75 6 163 36 24
7 5 199 155 75 7 88
10 5 199 196 109 118 121
4 8 199 18 117 133 32 76 114 0
2 8 199 202 75 186 134 168 2 89
9 8 199 15 73 198 183 159 66 89
3 6 199 201 128 69 129 149
0 13 199 124 57 190 39 72 161 130 68 150 74 174 149
4 7 199 123 179 44 150 70 151
4 10 199 124 56 49 184 11 150 75 197 24
4 10 199 124 54 192 142 91 150 75 7 88
10 6 199 196 75 7 118 121
4 7 199 18 117 79 32 114 0
2 8 199 202 75 186 134 168 2 89
9 8 199 15 73 198 183 159 66 89
3 6 199 115 128 69 129 149
4 10 199 124 61 191 143 150 74 174 153 149
4 10 199 107 54 99 142 100 150 75 6 104
7 4 199 136 75 7
3 3 199 201 109
4 12 199 124 59 190 40 84 176 22 17 150 74 140
1 9 199 124 62 192 51 150 75 6 13
4 10 199 124 60 194 41 150 110 172 36 23
7 5 199 155 75 71 90
9 3 199 113 109
4 11 199 124 64 191 53 87 150 65 185 76 13
4 12 199 124 54 165 142 146 171 9 150 75 36 24
7 5 199 155 75 7 88
10 5 199 196 109 118 121
4 8 199 18 117 133 32 76 114 0
2 8 199 202 75 186 134 168 2 89
9 8 199 15 73 198 183 159 66 89
4 9 199 123 180 47 150 128 69 129 149
1 10 199 123 54 180 142 150 75 132 149 21
4 9 199 123 54 177 142 150 110 172 85
3 5 199 189 75 71 24
4 14 199 124 35 164 31 144 166 8 150 74 1 29 88 147
10 6 199 196 75 6 163 5
3 5 199 115 117 79 32
0 10 199 123 55 178 38 150 74 141 153 168
4 10 199 124 56 193 49 70 151 104 118 121
4 6 199 18 75 197 114 0
2 7 199 202 75 7 134 2 89
9 8 199 15 73 198 183 159 66 89
4 12 199 123 35 181 31 48 150 128 69 129 149 147
4 9 199 124 35 194 31 75 132 149 5
3 4 199 115 75 7
4 13 199 124 54 164 142 145 95 135 119 150 74 1 153
10 10 199 124 58 192 50 91 150 75 6 104
8 10 199 123 179 28 120 150 117 79 118 121
4 5 199 18 200 114 0
2 6 199 202 75 134 2 89
9 8 199 15 73 198 183 159 66 89
4 11 199 124 62 167 51 156 150 128 69 129 149
4 10 199 124 61 193 143 150 75 132 149 23
4 8 199 123 54 142 150 75 7 90
9 5 199 113 75 7 24
4 10 199 123 180 47 150 65 103 185 88 21
10 5 199 196 75 85 101
3 7 199 189 117 79 32 78 170
4 8 199 19 74 141 29 168 126 0
2 8 199 80 75 6 138 163 2 89
9 8 199 15 73 198 43 157 66 89
13 6 199 108 128 69 129 149
4 10 199 124 54 142 95 119 150 37 173 149
4 10 199 124 57 167 39 156 150 75 162 116
4 10 199 124 35 165 31 146 166 8 75 7
4 12 199 123 57 179 39 44 175 16 150 75 7 21
8 10 199 124 55 167 38 156 150 75 7 85
3 3 199 189 200
4 9 199 124 56 191 49 150 74 29 24
1 10 199 124 55 38 150 75 6 163 88 21
10 6 199 196 110 172 85 101
3 6 199 189 117 32 78 170
4 8 199 19 74 141 29 168 126 0
2 8 199 80 75 6 138 163 2 89
9 8 199 15 73 198 43 157 66 89
4 10 199 124 54 164 142 150 128 69 129 149
0 8 199 124 57 39 150 75 132 149
4 8 199 124 54 164 142 144 150 70
4 9 199 123 55 177 38 150 75 197 170
4 11 199 107 64 98 53 97 150 75 7 126 0
2 6 199 80 75 7 2 89
9 7 199 15 73 198 43 66 89
0 14 199 124 57 190 39 72 161 130 68 150 128 69 129 149
4 9 199 124 62 192 51 91 122 70 149
8 8 199 123 179 28 120 150 75 197
12 7 199 124 58 164 50 150 200
4 8 199 124 57 165 39 146 150 24
4 10 199 123 54 180 142 47 150 75 88 21
10 6 199 196 75 7 85 101
3 7 199 189 117 79 32 78 170
4 8 199 19 74 141 29 168 126 0
2 8 199 80 75 6 138 163 2 89
9 8 199 15 73 198 43 157 66 89
6 10 199 124 62 190 51 150 128 69 129 149
2 11 199 124 57 191 39 87 175 16 150 82 149
8 7 199 107 62 51 150 73 24
4 11 199 124 57 191 39 87 175 16 150 200 88
10 3 199 196 75
2 10 199 107 54 98 142 150 117 79 32 24
4 10 199 123 55 178 38 150 73 168 88 21
10 5 199 196 75 85 101
3 7 199 189 117 79 32 78 170
4 8 199 19 74 141 29 168 126 0
2 8 199 80 75 6 138 163 2 89
9 8 199 15 73 198 43 157 66 89
7 11 199 123 56 180 49 47 150 128 69 129 149
4 11 199 107 54 99 142 100 150 109 149 106 21
6 4 199 46 75 85
3 4 199 189 82 93
4 13 199 123 57 181 39 175 16 150 74 96 29 27 24
2 10 199 127 35 31 150 75 6 163 88 21
10 6 199 196 73 198 85 101
3 6 199 189 117 32 78 170
4 8 199 19 74 141 29 168 126 0
2 8 199 80 75 6 138 163 2 89
9 8 199 15 73 198 43 157 66 89
4 15 199 124 57 165 39 146 175 16 150 128 69 129 149 88 21
10 7 199 196 75 132 149 85 101
3 7 199 189 117 79 32 78 170
4 8 199 19 74 141 29 168 126 0
2 8 199 80 75 6 138 163 2 89
9 8 199 15 73 198 43 157 66 89
4 15 199 124 59 164 40 145 176 135 17 150 128 69 129 149 24
4 10 199 124 64 53 150 75 132 149 88 147
10 5 199 196 75 7 5
3 6 199 115 117 79 32 102
4 11 199 123 58 180 50 150 74 141 153 168 154
4 7 199 20 75 6 104 152 0
2 7 199 4 75 7 139 2 89
9 8 199 15 73 198 188 158 66 89
4 11 199 124 56 190 49 86 150 128 69 129 149
3 8 199 124 54 142 150 75 132 149
4 7 199 107 61 143 150 74 1
4 8 199 124 58 193 50 150 75 6
4 6 199 124 56 49 75 7
9 3 199 75 7
4 9 199 123 62 178 51 150 65 103 102
9 3 199 75 154
4 6 199 20 65 103 152 0
2 6 199 4 75 139 2 89
9 8 199 15 73 198 188 158 66 89
4 11 199 107 55 98 38 97 150 128 69 129 149
4 9 199 107 54 142 150 75 132 149 112
3 10 199 124 58 192 50 91 150 75 7 169
3 4 199 94 74 1
4 11 199 124 63 190 52 84 22 150 74 131 23
7 6 199 136 75 6 90 21
9 4 199 113 109 85
3 4 199 189 65 185
1 11 199 124 57 192 39 161 68 150 74 29 23
4 8 199 123 55 38 150 110 163 90
9 5 199 113 75 71 24
7 6 199 136 65 103 185 88
10 4 199 196 109 12
4 9 199 124 64 53 117 133 32 81 102
13 6 199 108 75 186 168 154
4 7 199 20 37 125 173 152 0
2 8 199 4 75 162 139 116 2 89
9 8 199 15 73 198 188 158 66 89
4 8 199 54 142 128 69 129 149 169
3 6 199 94 75 132 149 24
4 13 199 124 56 192 49 184 11 150 74 1 131 88 21
10 5 199 196 75 6 85
3 5 199 189 117 79 32
4 11 199 124 60 194 41 150 74 141 29 168 102
4 10 199 123 58 177 50 150 75 6 163 154
4 6 199 20 75 7 152 0
2 7 199 4 75 7 139 2 89
9 8 199 15 73 198 188 158 66 89
8 11 199 124 54 165 142 146 128 69 129 149 24
4 13 199 124 57 192 39 91 175 122 16 150 200 149 88
10 3 199 196 75
8 9 199 123 59 178 40 150 117 79 32
3 9 199 123 60 180 41 47 150 200 168
0 10 199 123 57 178 39 175 16 150 74 102
4 12 199 123 56 179 49 45 184 11 150 70 151 154
4 6 199 20 75 197 152 0
2 7 199 4 75 7 139 2 89
9 8 199 15 73 198 188 158 66 89
3 12 199 124 54 192 142 91 95 119 128 69 129 149
4 9 199 124 62 167 51 156 74 174 149
4 8 199 107 55 38 150 75 6 102
8 9 199 107 54 99 142 150 75 7 154
4 5 199 20 200 152 0
2 6 199 4 75 139 2 89
9 8 199 15 73 198 188 158 66 89
4 11 199 124 56 49 184 11 150 128 69 129 149
3 12 199 124 54 192 142 91 95 119 75 132 149 147
4 10 199 124 54 192 142 91 122 74 1 5
3 4 199 115 75 6
4 11 199 123 55 180 38 47 150 74 1 153 102
4 10 199 124 35 167 31 156 75 6 104 154
4 6 199 20 75 7 152 0
2 7 199 4 75 7 139 2 89
9 8 199 15 73 198 188 158 66 89
7 11 199 123 56 180 49 47 150 128 69 129 149
8 6 199 124 167 150 109 149
4 7 199 123 34 30 150 200 12
2 9 199 123 55 177 38 150 75 81 102
13 5 199 108 73 198 154
4 6 199 20 37 173 152 0
2 8 199 4 75 162 139 116 2 89
9 8 199 15 73 198 188 158 66 89
0 14 199 124 57 190 39 72 161 130 68 150 128 69 129 149
4 9 199 124 62 194 51 150 70 149 106
6 4 199 46 75 197
5 10 199 124 57 191 39 161 68 150 82 93
4 8 199 123 35 177 31 150 160 27
4 10 199 124 57 165 39 175 16 150 75 12
2 10 199 124 64 192 53 150 75 7 81 147
13 5 199 108 73 198 5
3 4 199 115 37 173
4 9 199 123 55 177 38 150 74 153 116
4 12 199 107 54 99 142 95 119 150 75 6 104 23
4 10 199 124 60 167 41 150 75 7 90 112
9 5 199 113 75 7 169
3 5 199 94 65 103 185
4 8 199 124 63 190 52 86 74 131
1 9 199 124 54 192 142 91 150 75 6
4 5 199 25 110 172 0
2 6 199 182 75 71 2 89
9 7 199 15 73 198 77 66 89
4 13 199 123 57 179 39 45 175 16 150 128 69 129 149
4 13 199 124 57 190 39 72 175 130 16 150 75 132 149
8 8 199 123 179 28 120 150 75 7
3 7 199 124 62 192 51 91 200
4 7 199 124 62 190 51 86 74
1 9 199 123 54 179 142 45 150 75 6
3 4 199 201 110 172
4 10 199 107 54 99 142 100 95 119 150 74
0 8 199 124 57 39 150 75 6 12
3 8 199 123 57 177 39 150 70 81
13 3 199 108 74
4 9 199 124 54 191 142 150 37 173 12
4 8 199 124 63 52 75 162 116 81
13 4 199 108 75 7
4 9 199 123 56 178 49 150 37 125 173
4 5 199 25 75 162 116
1 12 199 123 57 181 39 48 175 16 150 75 7 0
2 6 199 182 110 172 2 89
9 6 199 15 73 77 66 89
0 10 199 123 62 178 51 150 128 69 129 149
4 11 199 124 54 164 142 144 105 150 70 149 112
3 9 199 123 34 177 30 150 75 197 169
3 5 199 94 74 1 112
4 10 199 123 56 49 184 11 150 74 131 169
3 5 199 94 75 6 12
4 12 199 124 54 164 142 145 105 150 74 1 131 81
13 4 199 108 75 6
4 11 199 107 54 98 142 97 150 37 125 173 23
4 11 199 123 56 178 49 150 75 162 116 90 112
9 5 199 113 75 7 169
3 6 199 94 65 103 185 12
4 11 199 124 58 192 50 91 122 150 74 131 81
13 4 199 108 75 6
4 13 199 124 57 192 39 91 175 122 16 150 37 125 173
4 6 199 25 75 162 116 0
2 6 199 182 75 7 2 89
9 7 199 15 73 198 77 66 89
4 12 199 124 54 194 142 95 119 150 128 69 129 149
1 8 199 123 180 47 150 75 132 149
4 5 199 25 110 172 0
2 6 199 182 75 71 2 89
9 7 199 15 73 198 77 66 89
8 10 199 107 55 38 150 128 69 129 149 12
2 8 199 124 55 38 150 200 149 81
13 3 199 108 73
8 8 199 107 55 38 150 37 173 112
2 8 199 124 55 38 150 200 116 169
3 3 199 94 73
4 8 199 123 62 180 51 150 74 131
4 9 199 124 56 192 49 91 150 75 6
4 5 199 25 75 7 0
2 6 199 182 75 7 2 89
9 7 199 15 73 198 77 66 89
4 9 199 107 98 97 150 128 69 129 149
1 10 199 124 54 167 142 150 75 132 149 112
1 8 199 107 58 50 150 110 172 169
3 3 199 94 110
4 10 199 123 57 177 39 175 16 150 74 131
1 9 199 124 54 167 142 150 75 6 154
4 13 199 107 57 98 39 97 161 68 150 110 172 152 0
2 6 199 4 75 71 2 89
9 7 199 15 73 198 188 66 89
7 10 199 124 190 84 150 128 69 129 149 106
6 4 199 46 109 149
2 6 199 124 150 82 93 24
4 8 199 64 53 150 73 27 88 147
10 4 199 196 75 5
3 6 199 115 117 79 32 112
4 12 199 124 54 191 142 87 150 74 141 153 168 169
3 6 199 94 75 6 104 12
4 9 199 124 57 39 150 74 1 131 81
13 5 199 108 75 6 23
4 9 199 124 187 33 150 37 125 173 90
9 6 199 113 75 162 116 154
4 14 199 107 57 98 39 97 161 68 150 65 103 185 152 0
2 5 199 4 75 2 89
9 7 199 15 73 198 188 66 89
4 10 199 124 62 194 51 128 69 129 149 24
1 9 199 124 54 142 150 75 132 149 88
10 5 199 196 110 172 154
4 13 199 107 57 98 39 97 161 68 150 117 32 152 0
2 7 199 4 75 186 168 2 89
9 7 199 15 73 198 188 66 89
